[[ 0.          0.        ]
 [ 0.12900832 -0.08034413]
 [ 0.13599737 -0.08448713]
 [ 0.13934116 -0.08606707]
 [ 0.14319442 -0.08801677]
 [ 0.14450933 -0.08794445]
 [ 0.14746348 -0.08866626]
 [ 0.14912542 -0.08677475]
 [ 0.14718031 -0.08035962]
 [ 0.15120156 -0.07765316]
 [ 0.15557646 -0.07501774]
 [ 0.15908419 -0.0749512 ]
 [ 0.16019681 -0.07613935]
 [ 0.16184605 -0.08039641]
 [ 0.16786933 -0.08724715]
 [ 0.16455019 -0.08694307]
 [ 0.16999688 -0.09067167]
 [ 0.1749557  -0.09481688]
 [ 0.17477199 -0.09619106]
 [ 0.17205436 -0.09494729]
 [ 0.17553071 -0.09738974]
 [ 0.17252721 -0.09693785]
 [ 0.17266438 -0.09815274]
 [ 0.18132406 -0.10460963]
 [ 0.18588868 -0.06950531]
 [ 0.18886663 -0.09104593]
 [ 0.20810507 -0.05546942]
 [ 0.18422121 -0.05325915]
 [ 0.17982153 -0.02354764]
 [ 0.17705165  0.00739049]
 [ 0.15340754  0.047177  ]
 [ 0.1191708   0.08843723]
 [ 0.11802684  0.13884255]
 [ 0.11908963  0.18754365]
 [ 0.10991205  0.20774902]
 [ 0.08001366  0.1600775 ]
 [ 0.10107751  0.21461771]
 [ 0.10230492  0.22430894]
 [ 0.09788822  0.22105342]
 [ 0.09491011  0.21734192]
 [ 0.08719059  0.20442038]
 [ 0.0745452   0.17840229]
 [ 0.07886021  0.18834955]
 [ 0.08660788  0.20635371]
 [ 0.0875597   0.20936449]
 [ 0.08718948  0.20946863]
 [ 0.08669051  0.20901164]
 [ 0.08492176  0.20702493]
 [ 0.08058992  0.1978681 ]
 [ 0.06662909  0.16699076]
 [ 0.06189084  0.15596704]
 [ 0.05812287  0.14689629]
 [ 0.05615677  0.14019028]
 [ 0.04028239  0.09907256]
 [ 0.0380592   0.09101143]]